290743861401865907876192543387459216612307405049206738003524189928671054154930672
295743861431865927876192543387459216612387495549216738763524189928671354154938672
070020046060000890200800715084097000710000059000130480697002008058000060430080070
875921346361754892249863715584697123713248659926135487697412538158379264432586971
004050000900734600003021049035090480090000030076010920310970200009182003000060100
264859317981734652753621849135297486892546731476318925318975264649182573527463198
806010000003064090900000816080396000702040309000572080521000004030750200000020105
856917423213864597947235816185396742762148359394572681521683974439751268678429135
659010280100050030200800010000135070800900002003078640302009004000001800008760000
659314287187652439234897516426135978871946352593278641312589764765421893948763125
060072001800136500003400000200650030006007010000200864907084000008009070000721083
465872391892136547713495628241658739386947215579213864927384156138569472654721983